t_ms,ax,ay,az
864,0.0000,0.0000,9.8067
889,0.0000,0.0000,9.8067
915,0.0000,0.0000,9.8067
941,0.0000,0.0000,9.8067
967,0.0000,0.0000,9.8067
993,0.0000,0.0000,9.8067
1019,0.0000,0.0000,9.8067
1045,0.0000,0.0000,9.8067
1071,0.0000,0.0000,9.8067
1097,0.0000,0.0000,9.8067
1123,0.0000,0.0000,9.8067
1149,0.0000,0.0000,9.8067
1175,0.0000,0.0000,9.8067
1201,0.0000,0.0000,9.8067
1227,0.0000,0.0000,9.8067
1253,0.0000,0.0000,9.8067
1279,0.0000,0.0000,9.8067
1305,0.0000,0.0000,9.8067
1331,0.0000,0.0000,9.8067
1357,0.0000,0.0000,9.8067
1383,0.0000,0.0000,9.8067
1409,0.0000,0.0000,9.8067
1435,0.0000,0.0000,9.8067
1461,0.0000,0.0000,9.8067
1487,0.0000,0.0000,9.8067
1513,0.0000,0.0000,9.8067
1539,0.0000,0.0000,9.8067
1565,0.0000,0.0000,9.8067
1591,0.0000,0.0000,9.8067
1617,0.0000,0.0000,9.8067
1643,0.0000,0.0000,9.8067
1669,0.0000,0.0000,9.8067
1695,0.0000,0.0000,9.8067
1721,0.0000,0.0000,9.8067
1747,0.0000,0.0000,9.8067
1773,0.0000,0.0000,9.8067
1799,0.0000,0.0000,9.8067
1825,0.0000,0.0000,9.8067
1851,0.0000,0.0000,9.8067
1877,0.0000,0.0000,9.8067
1903,0.0000,0.0000,9.8067
1929,0.0000,0.0000,9.8067
1955,0.0000,0.0000,9.8067
1981,0.0000,0.0000,9.8067
2007,0.0000,0.0000,9.8067
2033,0.0000,0.0000,9.8067
2059,0.0000,0.0000,9.8067
2085,0.0000,0.0000,9.8067
2111,0.0000,0.0000,9.8067
2137,0.0000,0.0000,9.8067
2163,0.0000,0.0000,9.8067
2189,0.0000,0.0000,9.8067
2215,0.0000,0.0000,9.8067
2241,0.0000,0.0000,9.8067
2267,0.0000,0.0000,9.8067
2293,0.0000,0.0000,9.8067
2319,0.0000,0.0000,9.8067
2345,0.0000,0.0000,9.8067
2371,0.0000,0.0000,9.8067
2397,0.0000,0.0000,9.8067
2423,0.0000,0.0000,9.8067
2449,0.0000,0.0000,9.8067
2475,0.0000,0.0000,9.8067
2501,0.0000,0.0000,9.8067
2527,0.0000,0.0000,9.8067
2553,0.0000,0.0000,9.8067
2579,0.0000,0.0000,9.8067
2605,0.0000,0.0000,9.8067
2631,0.0000,0.0000,9.8067
2657,0.0000,0.0000,9.8067
2683,0.0000,0.0000,9.8067
2709,0.0000,0.0000,9.8067
2735,0.0000,0.0000,9.8067
2761,0.0000,0.0000,9.8067
2787,0.0000,0.0000,9.8067
2813,0.0000,0.0000,9.8067
2839,0.0000,0.0000,9.8067
2865,0.0000,0.0000,9.8067
2891,0.0000,0.0000,9.8067
2917,0.0000,0.0000,9.8067
2943,0.0000,0.0000,9.8067
2969,0.0000,0.0000,9.8067
2995,0.0000,0.0000,9.8067
3021,0.0000,0.0000,9.8067
3047,0.0000,0.0000,9.8067
3073,0.0000,0.0000,9.8067
3099,0.0000,0.0000,9.8067
3125,0.0000,0.0000,9.8067
3151,0.0000,0.0000,9.8067
3177,0.0000,0.0000,9.8067
3203,0.0000,0.0000,9.8067
3229,0.0000,0.0000,9.8067
3255,0.0000,0.0000,9.8067
3281,0.0000,0.0000,9.8067
3307,0.0000,0.0000,9.8067
3333,0.0000,0.0000,9.8067
3359,0.0000,0.0000,9.8067
3385,0.0000,0.0000,9.8067
3411,0.0000,0.0000,9.8067
3437,0.0000,0.0000,9.8067
3463,0.0000,0.0000,9.8067
3489,0.0000,0.0000,9.8067
3515,0.0000,0.0000,9.8067
3541,0.0000,0.0000,9.8067
3567,0.0000,0.0000,9.8067
3593,0.0000,0.0000,9.8067
3619,0.0000,0.0000,9.8067
3645,0.0000,0.0000,9.8067
3671,0.0000,0.0000,9.8067
3697,0.0000,0.0000,9.8067
3723,0.0000,0.0000,9.8067
3749,0.0000,0.0000,9.8067
3775,0.0000,0.0000,9.8067
3801,0.0000,0.0000,9.8067
3827,0.0000,0.0000,9.8067
3853,0.0000,0.0000,9.8067
3879,0.0000,0.0000,9.8067
3905,0.0000,0.0000,9.8067
3931,0.0000,0.0000,9.8067
3957,0.0000,0.0000,9.8067
3983,0.0000,0.0000,9.8067
4009,0.0000,0.0000,9.8067
4035,0.0000,0.0000,9.8067
4061,0.0000,0.0000,9.8067
4087,0.0000,0.0000,9.8067
4113,0.0000,0.0000,9.8067
4139,0.0000,0.0000,9.8067
4165,0.0000,0.0000,9.8067
4191,0.0000,0.0000,9.8067
4217,0.0000,0.0000,9.8067
4243,0.0000,0.0000,9.8067
4269,0.0000,0.0000,9.8067
4295,0.0000,0.0000,9.8067
4321,0.0000,0.0000,9.8067
4347,0.0000,0.0000,9.8067
4373,0.0000,0.0000,9.8067
4399,0.0000,0.0000,9.8067
4425,0.0000,0.0000,9.8067
4451,0.0000,0.0000,9.8067
4477,0.0000,0.0000,9.8067
4503,0.0000,0.0000,9.8067
4529,0.0000,0.0000,9.8067
4555,0.0000,0.0000,9.8067
4581,0.0000,0.0000,9.8067
4607,0.0000,0.0000,9.8067
4633,0.0000,0.0000,9.8067
4659,0.0000,0.0000,9.8067
4685,0.0000,0.0000,9.8067
4711,0.0000,0.0000,9.8067
4737,0.0000,0.0000,9.8067
4763,0.0000,0.0000,9.8067
4789,0.0000,0.0000,9.8067
4815,0.0000,0.0000,9.8067
4841,0.0000,0.0000,9.8067
4867,0.0000,0.0000,9.8067
4893,0.0000,0.0000,9.8067
4919,0.0000,0.0000,9.8067
4945,0.0000,0.0000,9.8067
4971,0.0000,0.0000,9.8067
4997,0.0000,0.0000,9.8067
5023,0.0000,0.0000,9.8067
5049,0.0000,0.0000,9.8067
5075,0.0000,0.0000,9.8067
5101,0.0000,0.0000,9.8067
5127,0.0000,0.0000,9.8067
5153,0.0000,0.0000,9.8067
5179,0.0000,0.0000,9.8067
5205,0.0000,0.0000,9.8067
5231,0.0000,0.0000,9.8067
5257,0.0000,0.0000,9.8067
5283,0.0000,0.0000,9.8067
5309,0.0000,0.0000,9.8067
5335,0.0000,0.0000,9.8067
5361,0.0000,0.0000,9.8067
5387,0.0000,0.0000,9.8067
5413,0.0000,0.0000,9.8067
5439,0.0000,0.0000,9.8067
5465,0.0000,0.0000,9.8067
5491,0.0000,0.0000,9.8067
5517,0.0000,0.0000,9.8067
5543,0.0000,0.0000,9.8067
5569,0.0000,0.0000,9.8067
5595,0.0000,0.0000,9.8067
5621,0.0000,0.0000,9.8067
5647,0.0000,0.0000,9.8067
5673,0.0000,0.0000,9.8067
5699,0.0000,0.0000,9.8067
5725,0.0000,0.0000,9.8067
5751,0.0000,0.0000,9.8067
5777,0.0000,0.0000,9.8067
5803,0.0000,0.0000,9.8067
5829,0.0000,0.0000,9.8067
5855,0.0000,0.0000,9.8067
5881,0.0000,0.0000,9.8067
5907,0.0000,0.0000,9.8067
5933,0.0000,0.0000,9.8067
5959,0.0000,0.0000,9.8067
5985,0.0000,0.0000,9.8067
6011,0.0000,0.0000,9.8067
6037,0.0000,0.0000,9.8067
6063,0.0000,0.0000,9.8067
6089,0.0000,0.0000,9.8067
6115,0.0000,0.0000,9.8067
6141,0.0000,0.0000,9.8067
6167,0.0000,0.0000,9.8067
6193,0.0000,0.0000,9.8067
6219,0.0000,0.0000,9.8067
6245,0.0000,0.0000,9.8067
6271,0.0000,0.0000,9.8067
6297,0.0000,0.0000,9.8067
6323,0.0000,0.0000,9.8067
6349,0.0000,0.0000,9.8067
6375,0.0000,0.0000,9.8067
6401,0.0000,0.0000,9.8067
6427,0.0000,0.0000,9.8067
6453,0.0000,0.0000,9.8067
6479,0.0000,0.0000,9.8067
6505,0.0000,0.0000,9.8067
6531,0.0000,0.0000,9.8067
6557,0.0000,0.0000,9.8067
6583,0.0000,0.0000,9.8067
6609,0.0000,0.0000,9.8067
6635,0.0000,0.0000,9.8067
6661,0.0000,0.0000,9.8067
6687,0.0000,0.0000,9.8067
6713,0.0000,0.0000,9.8067
6739,0.0000,0.0000,9.8067
6765,0.0000,0.0000,9.8067
6791,0.0000,0.0000,9.8067
6817,0.0000,0.0000,9.8067
6843,0.0000,0.0000,9.8067
6869,0.0000,0.0000,9.8067
6895,0.0000,0.0000,9.8067
6921,0.0000,0.0000,9.8067
6947,0.0000,0.0000,9.8067
6973,0.0000,0.0000,9.8067
6999,0.0000,0.0000,9.8067
7025,0.0000,0.0000,9.8067
7051,0.0000,0.0000,9.8067
7077,0.0000,0.0000,9.8067
7103,0.0000,0.0000,9.8067
7129,0.0000,0.0000,9.8067
7155,0.0000,0.0000,9.8067
7181,0.0000,0.0000,9.8067
7207,0.0000,0.0000,9.8067
7233,0.0000,0.0000,9.8067
7259,0.0000,0.0000,9.8067
7285,0.0000,0.0000,9.8067
7311,0.0000,0.0000,9.8067
7337,0.0000,0.0000,9.8067
7363,0.0000,0.0000,9.8067
7389,0.0000,0.0000,9.8067
7415,0.0000,0.0000,9.8067
7441,0.0000,0.0000,9.8067
7467,0.0000,0.0000,9.8067
7493,0.0000,0.0000,9.8067
7519,0.0000,0.0000,9.8067
7545,0.0000,0.0000,9.8067
7571,0.0000,0.0000,9.8067
7597,0.0000,0.0000,9.8067
7623,0.0000,0.0000,9.8067
7649,0.0000,0.0000,9.8067
7675,0.0000,0.0000,9.8067
7701,0.0000,0.0000,9.8067
7727,0.0000,0.0000,9.8067
7753,0.0000,0.0000,9.8067
7779,0.0000,0.0000,9.8067
7805,0.0000,0.0000,9.8067
7831,0.0000,0.0000,9.8067
7857,0.0000,0.0000,9.8067
7883,0.0000,0.0000,9.8067
7909,0.0000,0.0000,9.8067
7935,0.0000,0.0000,9.8067
7961,0.0000,0.0000,9.8067
7987,0.0000,0.0000,9.8067
8013,0.0000,0.0000,9.8067
8039,0.0000,0.0000,9.8067
8065,0.0000,0.0000,9.8067
8091,0.0000,0.0000,9.8067
8117,0.0000,0.0000,9.8067
8143,0.0000,0.0000,9.8067
8169,0.0000,0.0000,9.8067
8195,0.0000,0.0000,9.8067
8221,0.0000,0.0000,9.8067
8247,0.0000,0.0000,9.8067
8273,0.0000,0.0000,9.8067
8299,0.0000,0.0000,9.8067
8325,0.0000,0.0000,9.8067
8351,0.0000,0.0000,9.8067
8377,0.0000,0.0000,9.8067
8403,0.0000,0.0000,9.8067
8429,0.0000,0.0000,9.8067
8455,0.0000,0.0000,9.8067
8481,0.0000,0.0000,9.8067
8507,0.0000,0.0000,9.8067
8533,0.0000,0.0000,9.8067
8559,0.0000,0.0000,9.8067
8585,0.0000,0.0000,9.8067
8611,0.0000,0.0000,9.8067
8637,0.0000,0.0000,9.8067
8663,0.0000,0.0000,9.8067
8689,0.0000,0.0000,9.8067
8715,0.0000,0.0000,9.8067
8741,0.0000,0.0000,9.8067
8767,0.0000,0.0000,9.8067
8793,0.0000,0.0000,9.8067
8819,0.0000,0.0000,9.8067
8845,0.0000,0.0000,9.8067
8871,0.0000,0.0000,9.8067
8897,0.0000,0.0000,9.8067
8923,0.0000,0.0000,9.8067
8949,0.0000,0.0000,9.8067
8975,0.0000,0.0000,9.8067
9001,0.0000,0.0000,9.8067
9027,0.0000,0.0000,9.8067
9053,0.0000,0.0000,9.8067
9079,0.0000,0.0000,9.8067
9105,0.0000,0.0000,9.8067
9131,0.0000,0.0000,9.8067
9157,0.0000,0.0000,9.8067
9183,0.0000,0.0000,9.8067
9209,0.0000,0.0000,9.8067
9235,0.0000,0.0000,9.8067
9261,0.0000,0.0000,9.8067
9287,0.0000,0.0000,9.8067
9313,0.0000,0.0000,9.8067
9339,0.0000,0.0000,9.8067
9365,0.0000,0.0000,9.8067
9391,0.0000,0.0000,9.8067
9417,0.0000,0.0000,9.8067
9443,0.0000,0.0000,9.8067
9469,0.0000,0.0000,9.8067
9495,0.0000,0.0000,9.8067
9521,0.0000,0.0000,9.8067
9547,0.0000,0.0000,9.8067
9573,0.0000,0.0000,9.8067
9599,0.0000,0.0000,9.8067
9625,0.0000,0.0000,9.8067
9651,0.0000,0.0000,9.8067
9677,0.0000,0.0000,9.8067
9703,0.0000,0.0000,9.8067
9729,0.0000,0.0000,9.8067
9755,0.0000,0.0000,9.8067
9781,0.0000,0.0000,9.8067
9807,0.0000,0.0000,9.8067
9833,0.0000,0.0000,9.8067
9859,0.0000,0.0000,9.8067
9885,0.0000,0.0000,9.8067
9911,0.0000,0.0000,9.8067
9937,0.0000,0.0000,9.8067
9963,0.0000,0.0000,9.8067
9989,0.0000,0.0000,9.8067
10015,0.0000,0.0000,9.8067
10041,0.0000,0.0000,9.8067
10067,0.0000,0.0000,9.8067
10093,0.0000,0.0000,9.8067
10119,0.0000,0.0000,9.8067
10145,0.0000,0.0000,9.8067
10171,0.0000,0.0000,9.8067
10197,0.0000,0.0000,9.8067
10223,0.0000,0.0000,9.8067
10249,0.0000,0.0000,9.8067
10275,0.0000,0.0000,9.8067
10301,0.0000,0.0000,9.8067
10327,0.0000,0.0000,9.8067
10353,0.0000,0.0000,9.8067
10379,0.0000,0.0000,9.8067
10405,0.0000,0.0000,9.8067
10431,0.0000,0.0000,9.8067
10457,0.0000,0.0000,9.8067
10483,0.0000,0.0000,9.8067
10509,0.0000,0.0000,9.8067
10535,0.0000,0.0000,9.8067
10561,0.0000,0.0000,9.8067
10587,0.0000,0.0000,9.8067
10613,0.0000,0.0000,9.8067
10639,0.0000,0.0000,9.8067
10665,0.0000,0.0000,9.8067
10691,0.0000,0.0000,9.8067
10717,0.0000,0.0000,9.8067
10743,0.0000,0.0000,9.8067
10769,0.0000,0.0000,9.8067
10795,0.0000,0.0000,9.8067
10821,0.0000,0.0000,9.8067
10847,0.0000,0.0000,9.8067
10873,0.0000,0.0000,9.8067
10899,0.0000,0.0000,9.8067
10925,0.0000,0.0000,9.8067
10951,0.0000,0.0000,9.8067
10977,0.0000,0.0000,9.8067
11003,0.0000,0.0000,9.8067
11029,0.0000,0.0000,9.8067
11055,0.0000,0.0000,9.8067
11081,0.0000,0.0000,9.8067
11107,0.0000,0.0000,9.8067
11133,0.0000,0.0000,9.8067
11159,0.0000,0.0000,9.8067
11185,0.0000,0.0000,9.8067
11211,0.0000,0.0000,9.8067
11237,0.0000,0.0000,9.8067
11263,0.0000,0.0000,9.8067
11289,0.0000,0.0000,9.8067
11315,0.0000,0.0000,9.8067
11341,0.0000,0.0000,9.8067
11367,0.0000,0.0000,9.8067
11393,0.0000,0.0000,9.8067
11419,0.0000,0.0000,9.8067
11445,0.0000,0.0000,9.8067
11471,0.0000,0.0000,9.8067
11497,0.0000,0.0000,9.8067
11523,0.0000,0.0000,9.8067
11549,0.0000,0.0000,9.8067
11575,0.0000,0.0000,9.8067
11601,0.0000,0.0000,9.8067
11627,0.0000,0.0000,9.8067
11653,0.0000,0.0000,9.8067
11679,0.0000,0.0000,9.8067
11705,0.0000,0.0000,9.8067
11731,0.0000,0.0000,9.8067
11757,0.0000,0.0000,9.8067
11783,0.0000,0.0000,9.8067
11809,0.0000,0.0000,9.8067
11835,0.0000,0.0000,9.8067
11861,0.0000,0.0000,9.8067
11887,0.0000,0.0000,9.8067
11913,0.0000,0.0000,9.8067
11939,0.0000,0.0000,9.8067
11965,0.0000,0.0000,9.8067
11991,0.0000,0.0000,9.8067
12017,0.0000,0.0000,9.8067
12043,0.0000,0.0000,9.8067
12069,0.0000,0.0000,9.8067
12095,0.0000,0.0000,9.8067
12121,0.0000,0.0000,9.8067
12147,0.0000,0.0000,9.8067
12173,0.0000,0.0000,9.8067
12199,0.0000,0.0000,9.8067
12225,0.0000,0.0000,9.8067
12251,0.0000,0.0000,9.8067
12277,0.0000,0.0000,9.8067
12303,0.0000,0.0000,9.8067
12329,0.0000,0.0000,9.8067
12355,0.0000,0.0000,9.8067
12381,0.0000,0.0000,9.8067
12407,0.0000,0.0000,9.8067
12433,0.0000,0.0000,9.8067
12459,0.0000,0.0000,9.8067
12485,0.0000,0.0000,9.8067
12511,0.0000,0.0000,9.8067
12537,0.0000,0.0000,9.8067
12563,0.0000,0.0000,9.8067
12589,0.0000,0.0000,9.8067
12615,0.0000,0.0000,9.8067
12641,0.0000,0.0000,9.8067
12667,0.0000,0.0000,9.8067
12693,0.0000,0.0000,9.8067
12719,0.0000,0.0000,9.8067
12745,0.0000,0.0000,9.8067
12771,0.0000,0.0000,9.8067
12797,0.0000,0.0000,9.8067
12823,0.0000,0.0000,9.8067
12849,0.0000,0.0000,9.8067
12875,0.0000,0.0000,9.8067
12901,0.0000,0.0000,9.8067
12927,0.0000,0.0000,9.8067
12953,0.0000,0.0000,9.8067
12979,0.0000,0.0000,9.8067
13005,0.0000,0.0000,9.8067
13031,0.0000,0.0000,9.8067
13057,0.0000,0.0000,9.8067
13083,0.0000,0.0000,9.8067
13109,0.0000,0.0000,9.8067
13135,0.0000,0.0000,9.8067
13161,0.0000,0.0000,9.8067
13187,0.0000,0.0000,9.8067
13213,0.0000,0.0000,9.8067
13239,0.0000,0.0000,9.8067
13265,0.0000,0.0000,9.8067
13291,0.0000,0.0000,9.8067
13317,0.0000,0.0000,9.8067
13343,0.0000,0.0000,9.8067
13369,0.0000,0.0000,9.8067
13395,0.0000,0.0000,9.8067
13421,0.0000,0.0000,9.8067
13447,0.0000,0.0000,9.8067
13473,0.0000,0.0000,9.8067
13499,0.0000,0.0000,9.8067
13525,0.0000,0.0000,9.8067
13551,0.0000,0.0000,9.8067
13577,0.0000,0.0000,9.8067
13603,0.0000,0.0000,9.8067
13629,0.0000,0.0000,9.8067
13655,0.0000,0.0000,9.8067
13681,0.0000,0.0000,9.8067
13707,0.0000,0.0000,9.8067
13733,0.0000,0.0000,9.8067
13759,0.0000,0.0000,9.8067
13785,0.0000,0.0000,9.8067
13811,0.0000,0.0000,9.8067
13837,0.0000,0.0000,9.8067
13863,0.0000,0.0000,9.8067
13889,0.0000,0.0000,9.8067
13915,0.0000,0.0000,9.8067
13941,0.0000,0.0000,9.8067
13967,0.0000,0.0000,9.8067
13993,0.0000,0.0000,9.8067
14019,0.0000,0.0000,9.8067
14045,0.0000,0.0000,9.8067
14071,0.0000,0.0000,9.8067
14097,0.0000,0.0000,9.8067
14123,0.0000,0.0000,9.8067
14149,0.0000,0.0000,9.8067
14175,0.0000,0.0000,9.8067
14201,0.0000,0.0000,9.8067
14227,0.0000,0.0000,9.8067
14253,0.0000,0.0000,9.8067
14279,0.0000,0.0000,9.8067
14305,0.0000,0.0000,9.8067
14331,0.0000,0.0000,9.8067
14357,0.0000,0.0000,9.8067
14383,0.0000,0.0000,9.8067
14409,0.0000,0.0000,9.8067
14435,0.0000,0.0000,9.8067
14461,0.0000,0.0000,9.8067
14487,0.0000,0.0000,9.8067
14513,0.0000,0.0000,9.8067
14539,0.0000,0.0000,9.8067
14565,0.0000,0.0000,9.8067
14591,0.0000,0.0000,9.8067
14617,0.0000,0.0000,9.8067
14643,0.0000,0.0000,9.8067
14669,0.0000,0.0000,9.8067
14695,0.0000,0.0000,9.8067
14721,0.0000,0.0000,9.8067
14747,0.0000,0.0000,9.8067
14773,0.0000,0.0000,9.8067
14799,0.0000,0.0000,9.8067
14825,0.0000,0.0000,9.8067
14851,0.0000,0.0000,9.8067
14877,0.0000,0.0000,9.8067
14903,0.0000,0.0000,9.8067
14929,0.0000,0.0000,9.8067
14955,0.0000,0.0000,9.8067
14981,0.0000,0.0000,9.8067
15007,0.0000,0.0000,9.8067
15033,0.0000,0.0000,9.8067
15059,0.0000,0.0000,9.8067
15085,0.0000,0.0000,9.8067
15111,0.0000,0.0000,9.8067
15137,0.0000,0.0000,9.8067
15163,0.0000,0.0000,9.8067
15189,0.0000,0.0000,9.8067
15215,0.0000,0.0000,9.8067
15241,0.0000,0.0000,9.8067
15267,0.0000,0.0000,9.8067
15293,0.0000,0.0000,9.8067
15319,0.0000,0.0000,9.8067
15345,0.0000,0.0000,9.8067
15371,0.0000,0.0000,9.8067
15397,0.0000,0.0000,9.8067
15423,0.0000,0.0000,9.8067
15449,0.0000,0.0000,9.8067
15475,0.0000,0.0000,9.8067
15501,0.0000,0.0000,9.8067
15527,0.0000,0.0000,9.8067
15553,0.0000,0.0000,9.8067
15579,0.0000,0.0000,9.8067+
